GL CLOS DU VAL, 13, , , 0, 101|
GL-TALLEY CHAR,13, , , 0, 102|
TALLEY, 49, , , 0, 103|
PRE FIXE COLLEC, 65, , , 0, 104|
SIDE LOB MASH, 9, , , 0, 105|
COFFEE, 3, , , 0, 106|

Chicken Rice, 27, , , 0, 201|
Chicken Curry, 24, , , 0, 202|

Oysters, 6, , , 0, 301|
Smelts, 12, , , 0, 302|
Duck Terrine, 14, , , 0, 303|
Prix Dessert, 16, , , 0, 304|
AG Malbec, 25, , , 0, 305|
Soup, 8, , , 0, 306|
Tagliatelle, 16, , , 0, 307|
D&S Brownie, 9, , , 0, 308|

104, 20190404-201648, 100004, 10, 47952.00
80, 20190404-201654, 38, 5, 14.00
80, 20190404-210422, 0, 5, 19.00
80, 20190404-210422, 4, 2, 15.80
80, 20190404-210422, 34, 8, 17.60
80, 20190404-210422, 100004, 1, 4795.20
80, 20190404-210700, 12, 1, 14.90
80, 20190404-210700, 27, 1, 2.80
80, 20190404-210700, 24, 1, 2.80
80, 20190404-210700, 35, 1, 2.20
40, 20190404-210905, 13, 1, 15.90
40, 20190404-210905, 12, 1, 14.90
40, 20190404-210905, 7, 1, 17.90
40, 20190404-210905, 18, 1, 10.90
40, 20190404-210905, 24, 4, 11.20
40, 20190404-210905, 27, 3, 8.40
40, 20190404-210905, 28, 1, 2.80
40, 20190404-210905, 33, 4, 2.00
101, 20190404-235649, 3, 1, 5.90
101, 20190404-235649, 100004, 1, 4795.20