104, 20190404-201648, 100004, 10, 47952.00
80, 20190404-201654, 38, 5, 14.00
80, 20190404-210422, 0, 5, 19.00
80, 20190404-210422, 4, 2, 15.80
80, 20190404-210422, 34, 8, 17.60
80, 20190404-210422, 100004, 1, 4795.20
80, 20190404-210700, 12, 1, 14.90
80, 20190404-210700, 27, 1, 2.80
80, 20190404-210700, 24, 1, 2.80
80, 20190404-210700, 35, 1, 2.20
40, 20190404-210905, 13, 1, 15.90
40, 20190404-210905, 12, 1, 14.90
40, 20190404-210905, 7, 1, 17.90
40, 20190404-210905, 18, 1, 10.90
40, 20190404-210905, 24, 4, 11.20
40, 20190404-210905, 27, 3, 8.40
40, 20190404-210905, 28, 1, 2.80
40, 20190404-210905, 33, 4, 2.00
101, 20190404-235649, 3, 1, 5.90
101, 20190404-235649, 100004, 1, 4795.20
